# Created by Octave 4.0.2, Sun Mar 19 15:12:48 2017 IST <vaibhav@SteinsGate>
# name: cost_history
# type: matrix
# rows: 1955
# columns: 1
 1.486902936000545
 2.10379864740812
 2.896297939743512
 2.976169607778647
 1.484559829154392
 1.811900344556762
 1.746070067084572
 1.292119766407267
 1.000987769491463
 0.695282489881399
 0.4979892995239401
 0.4427730541000255
 0.3955371587862531
 0.3820552963720253
 0.3930628393563463
 0.3789126094431193
 0.3747174232437471
 0.3416411591233781
 0.3503513653656253
 0.3603202392742743
 0.3473706838381787
 0.3360796560180226
 0.3259964997120914
 0.2896839349567558
 0.3102202679065592
 0.3133962553648943
 0.332577746884574
 0.3110523049612055
 0.3214950066642276
 0.3306187012894841
 0.3051353280996242
 0.284683563020469
 0.2824255832900317
 0.2945548809143338
 0.274784313469391
 0.2918745119096661
 0.331738923327387
 0.2814208147509872
 0.2561803481893308
 0.2483515864491717
 0.2585756950245145
 0.2396405994928938
 0.2694018407978936
 0.2663808920947273
 0.288691294866996
 0.2723570592702995
 0.2731019681768408
 0.2462010048418692
 0.271755491927498
 0.2578353601896088
 0.2556643987052477
 0.259801133545714
 0.2637611701610986
 0.271708028313875
 0.2911108107474297
 0.2633042019657742
 0.2393075256369457
 0.2516245988146051
 0.2699887942684964
 0.2329521377179737
 0.258673799283129
 0.2507333463938337
 0.25670708770712
 0.2552943864236596
 0.2570782036142851
 0.2421399727761646
 0.2329018617197459
 0.2527230873937919
 0.2249382555110436
 0.2305232683121217
 0.2515372363674598
 0.2275560121501089
 0.255403346744181
 0.2579524904613828
 0.2366383150020946
 0.2333658362769505
 0.2251433395683423
 0.2559960371624818
 0.2257222772017742
 0.241359569421243
 0.2644011176288587
 0.2306844091576372
 0.2265602145932002
 0.2302139389046594
 0.2578073765910993
 0.2507369464152679
 0.2454275844776583
 0.2455567641070773
 0.2439264437086331
 0.2478377330120068
 0.2253551543617697
 0.2517153994909112
 0.2159843742150259
 0.2454322002336497
 0.2398878083624941
 0.2275462802447672
 0.2225395669783998
 0.2141857521958485
 0.2109186275981121
 0.2530365170312333
 0.230357126062076
 0.2183000594426959
 0.211425624779374
 0.2406705717440933
 0.2576122383958191
 0.2317219224945093
 0.2023935149024679
 0.2198571755790127
 0.2207753371566389
 0.2312680046462953
 0.2284849685741657
 0.2269275690236116
 0.2402488360723461
 0.226030544076949
 0.1981176847592425
 0.2267763165113971
 0.2520485030394758
 0.2190316131025967
 0.2337385494312985
 0.2182613799534231
 0.2002829971440269
 0.2114197124294201
 0.1895383876097912
 0.2383846343055016
 0.2074419854223748
 0.2217580833273654
 0.2438436792076837
 0.2046347207194824
 0.1881815225307101
 0.2367263509967755
 0.2151862944841169
 0.2127639612071932
 0.2188938110144937
 0.2465118779198284
 0.2231479453200033
 0.2061402443323347
 0.2428901229775314
 0.2509369536747059
 0.2032836875167139
 0.2128640196249166
 0.2139213637272814
 0.2127351190362218
 0.2356633882442778
 0.2308143912818186
 0.2036377575399423
 0.2186199811846977
 0.2350991060985039
 0.2239147289986827
 0.2326717460369203
 0.2058932296850072
 0.2188308441144333
 0.2096753184761714
 0.2130821919691907
 0.231936130104947
 0.1882590969819271
 0.2458303533706459
 0.208232561978222
 0.2463234050283183
 0.2062214845493322
 0.2079680465364206
 0.1890699328718798
 0.245204313096129
 0.2134964688517326
 0.230258488675403
 0.205615690986977
 0.2307293472769716
 0.2028961780255066
 0.2059372912520263
 0.2084833119225269
 0.1990144665045416
 0.2125283165723368
 0.2002460850975666
 0.1918850783013062
 0.2047023074348906
 0.2175068436706907
 0.2268159800703261
 0.2182759173059754
 0.217426357562264
 0.2503035823919633
 0.212667627102517
 0.2235953969850634
 0.2142964118835641
 0.2123635297084629
 0.1998998773339722
 0.205251935551847
 0.2018579623049748
 0.2115304717418094
 0.2051218560193934
 0.2112168891957229
 0.2237829568987149
 0.2185381659702096
 0.2157715090188287
 0.1968356878321492
 0.227877403118589
 0.2196588065657498
 0.2067975939418651
 0.2021291106463172
 0.2076640211927084
 0.219528971125638
 0.2225879865435948
 0.1775915661027779
 0.1963571669421676
 0.2214153520381018
 0.2052046142078938
 0.2153726356286985
 0.1994436950788104
 0.2090961739421641
 0.2029403779727179
 0.2185114249110486
 0.2236787378157418
 0.200043449192745
 0.1953153019164919
 0.1928805802368333
 0.2069003252924645
 0.2092869923726713
 0.2031217794932843
 0.1878051945851825
 0.1995543226284616
 0.1848874162013019
 0.2314150488332272
 0.2022456339770299
 0.1688520184625849
 0.190107376194851
 0.2103062780119298
 0.2166496773463779
 0.2054123543856791
 0.1804332082817356
 0.2044316792640034
 0.202879940215024
 0.188911142568214
 0.169398763158994
 0.187034799900485
 0.1870731556418741
 0.1851689943823544
 0.2189718088990602
 0.2063346425415881
 0.1745546034585152
 0.2049296631377023
 0.1898815668953937
 0.1909681697922403
 0.1970840974087813
 0.2079957920080279
 0.206255238522002
 0.2078261301462071
 0.2057173447467901
 0.1950106982741108
 0.1773975744517768
 0.1897737567075551
 0.1981366808250928
 0.1999758309503649
 0.1835949807533745
 0.1780618189653146
 0.1903554514220024
 0.2051828888188202
 0.171810458267013
 0.1873415351605583
 0.1742887798420877
 0.1856807770625722
 0.1910524250393178
 0.1898313948895711
 0.1966169906214907
 0.1976862193756826
 0.1811690832102614
 0.2207663024858964
 0.1932509977146152
 0.1937629962345589
 0.1874849740535728
 0.1782223400735421
 0.2252714657600864
 0.1868772066458258
 0.208027985539463
 0.1923768559222859
 0.2044573927587593
 0.2131760061123313
 0.1844577821334127
 0.1907154687698294
 0.1705240257079341
 0.1977856771385129
 0.2041841407253128
 0.1864384577167316
 0.1950595675609479
 0.1892364340569036
 0.1988127246822592
 0.1848725353053274
 0.1878197188644349
 0.1982992482357439
 0.1803266866151987
 0.1677580301824123
 0.1810754545891348
 0.1865714435690519
 0.2204642044146839
 0.2065600297437414
 0.1925704852668903
 0.1710642416930198
 0.1853371181687419
 0.2117555673473043
 0.1882797711801275
 0.1706880392490287
 0.204038281791632
 0.1933866158454257
 0.1822978229042558
 0.1932519474667323
 0.1956327101105002
 0.1967000631642753
 0.1832704033191342
 0.2014333335125807
 0.1914720072816535
 0.1650062834495084
 0.1795869380690156
 0.1717593889096949
 0.1985348585046508
 0.1966615504171902
 0.1985201959240317
 0.1593880947256121
 0.2009592691072589
 0.1749648963146855
 0.1797176425591884
 0.1995165117454142
 0.1856128642877259
 0.1735929274695694
 0.1770158691957941
 0.1776996338329593
 0.1940352310614874
 0.1756783763292739
 0.180164729875835
 0.1851920071183556
 0.1781247675538378
 0.2129938562243733
 0.1856428424882463
 0.199607248031745
 0.1715968897680445
 0.1903199315016886
 0.1704711959158015
 0.1642820092877397
 0.1683143181550392
 0.1884793452029036
 0.1622066385598551
 0.1840120848032102
 0.2034494903497035
 0.1874001329925206
 0.1857633504434979
 0.1773539998504687
 0.172206239070714
 0.1838437957927659
 0.1633606282763725
 0.1718251149878555
 0.1996016951792429
 0.1813362781675867
 0.1936626073851148
 0.1699640614790494
 0.1694050837400762
 0.1670625381801317
 0.1777861402436981
 0.1806913461325539
 0.1606565169165859
 0.2166942469302499
 0.1820153036042183
 0.1824215682563392
 0.1884299776701538
 0.1870742925661235
 0.1868664563310409
 0.1949292191831118
 0.1705333309853149
 0.1914283221415221
 0.1867513549247073
 0.2060499055369024
 0.1940616786711638
 0.173629873287146
 0.1737637068279007
 0.1717396059007689
 0.1712778294056846
 0.1884533058185799
 0.1732123692570119
 0.1709161735610295
 0.1721342384394983
 0.1653469404346326
 0.1690521771310146
 0.1868820086354432
 0.1709906157454366
 0.1654728200648287
 0.1781033343342606
 0.1655927065549079
 0.1540165299836553
 0.1734956129176283
 0.1905977938774918
 0.1880725436930263
 0.1800205065213529
 0.1942782634572227
 0.1836724426077371
 0.1943442925840978
 0.2029405952477056
 0.1839869626681045
 2.76817005015192
 1.707422341380778
 1.521243733346749
